1
1
40
8
14
15
9
2
2
6
1
27
4
7
9
7
23
8
9
2
8
2
21
8
1
6
1
1
1
9
7
40
1
60
16
7
24
4
20
7
29
2
5
2
9
5
6
3
4
4
1
9
1
20
3
14
8
20
1
30
1
2
10
1
36
22
19
2
8
6
1
2
26
2
9
2
1
9
31
1
1
14
4
1
1
9
8
3
12
11
1
8
22
6
5
10
10
5
1
1
2
4
6
33
4
1
5
15
9
1
1
34
11
1
16
1
4
6
16
11
1
15
5
10
2
1
24
6
19
49
10
11
28
31
12
4
26
1
3
19
9
1
14
1
32
1
2
7
15
3
7
31
27
33
1
17
1
19
1
68
4
3
6
22
12
8
30
18
21
6
9
10
1
17
18
15
7
6
12
8
1
17
33
8
15
7
29
23
43
6
2
1
6
21
2
5
2
9
11
1
9
1
5
1
12
44
1
24
39
13
21
11
8
31
1
10
1
1
1
4
7
28
32
25
7
14
9
11
42
1
4
5
1
10
5
5
2
11
11
14
12
27
21
15
4
7
1
6
18
19
11
15
27
17
14
19
4
18
14
4
6
15
58
40
9
49
1
2
15
4
1
11
19
5
1
26
55
17
1
7
7
12
1
2
1
1
4
19
7
2
29
1
1
2
7
12
16
23
9
14
32
12
42
31
1
7
8
8
16
2
41
2
3
2
1
1
1
3
19
20
3
8
17
21
1
10
2
10
8
16
15
24
7
3
3
7
1
21
15
18
4
52
24
12
14
1
1
5
2
11
38
1
7
35
1
19
2
6
8
2
1
8
3
16
6
3
12
46
14
1
2
8
40
16
28
26
34
2
14
12
3
10
4
1
15
10
23
2
8
5
7
6
19
2
13
26
5
8
4
1
24
14
1
16
9
7
1
4
6
1
26
35
26
15
2
1
7
28
16
9
2
20
5
1
35
4
29
1
25
7
7
8
26
25
3
30
21
2
2
2
25
4
1
1
7
1
21
16
23
2
4
32
4
28
4
14
4
12
11
37
2
2
14
11
2
1
8
4
13
17
1
28
13
12
16
10
11
21
29
7
2
1
8
1
14
1
4
32
52
14
6
17
8
14
15
2
1
18
1
9
1
32
14
26
2
2
1
2
3
9
14
19
2
30
1
8
2
1
28
43
2
1
11
1
2
16
11
1
31
1
9
20
14
4
26
4
5
5
1
28
20
11
6
39
1
5
31
9
20
1
1
8
7
4
8
1
1
10
1
79
8
20
8
29
2
1
20
3
1
11
4
1
9
1
4
2
14
35
1
2
17
1
1
2
60
3
38
18
1
31
18
41
6
51
39
10
1
5
11
2
18
27
47
41
14
1
4
1
29
2
1
9
20
24
18
5
10
4
13
4
10
29
31
13
15
28
39
16
32
1
1
32
9
20
6
2
3
3
51
8
11
16
18
1
11
5
16
1
6
35
11
25
25
8
5
1
24
1
1
20
29
1
13
35
13
23
12
3
1
24
10
8
21
9
38
6
7
3
18
1
13
10
1
1
2
22
19
16
4
9
19
2
4
1
13
7
1
18
5
9
6
10
27
1
16
5
6
1
54
1
10
3
32
2
19
2
5
9
8
6
4
2
46
18
4
4
22
9
20
2
18
21
6
4
10
21
2
8
6
9
10
28
25
2
1
2
11
4
1
14
1
17
6
1
2
1
46
16
1
3
18
8
27
4
24
6
14
5
18
17
25
18
6
35
1
1
18
25
9
2
11
1
1
19
2
6
29
7
1
4
1
4
1
2
4
30
3
5
3
9
8
18
13
9
19
27
4
50
10
4
1
6
34
1
1
4
10
27
16
21
5
14
12
1
2
8
3
1
16
2
1
4
1
14
2
21
11
2
1
17
10
5
2
22
1
5
3
2
4
1
7
1
16
21
8
36
5
6
16
21
19
1
9
21
5
17
1
1
1
1
1
53
2
18
2
31
16
4
2
1
3
32
15
10
2
21
16
1
1
24
5
2
20
7
5
22
10
15
1
1
2
2
10
1
29
1
8
2
30
11
7
1
14
32
5
12
7
1
2
1
16
14
24
2
24
1
9
1
2
25
7
18
9
1
1
4
1
1
19
8
3
9
13
1
36
5
8
7
4
12
20
2
14
20
10
11
13
16
14
16
9
25
1
55
1
4
7
18
32
1
1
9
2
26
17
2
7
29
20
14
1
11
17
21
53
2
0
5
1
10
24
10
12
13
1
22
4
3
14
2
7
28
1
19
1
7
1
11
12
10
15
1
15
10
1
26
1
4
20
6
5
10
14
5
1
1
12
54
1
39
22
1
18
22
7
9
3
1
4
25
4
3
17
7
13
5
5
10
1
4
1
14
9
5
20
27
2
25
12
29
8
49
8
4
8
22
8
6
12
17
1
1
17
8
16
23
7
1
16
1
10
1
14
14
8
12
1
9
4
23
9
17
1
1
13
26
10
27
33
12
5
8
36
13
2
1
1
